C101-4PD
vehicle capacity: 200
vehicle size: 1360 245 300
shipping container size: 587 233 220
 CUSTNO  XCOORD YCOORD DEMAND READYTIME DUETIME SERVICETIME Port of Destination
0 40 50 0 0 1236 0 0
1 45 68 10 912 967 90 4
2 45 70 30 825 870 90 1
3 42 66 10 65 146 90 2
4 42 68 10 727 782 90 1
5 42 65 10 15 67 90 1
6 40 69 20 621 702 90 3
7 40 66 20 170 225 90 1
8 38 68 20 255 324 90 4
9 38 70 10 534 605 90 3
10 35 66 10 357 410 90 4
11 35 69 10 448 505 90 1
12 25 85 20 652 721 90 2
13 22 75 30 30 92 90 3
14 22 85 10 567 620 90 2
15 20 80 40 384 429 90 3
16 20 85 40 475 528 90 2
17 18 75 20 99 148 90 1
18 15 75 20 179 254 90 2
19 15 80 10 278 345 90 1
20 30 50 10 10 73 90 1
21 30 52 20 914 965 90 2
22 28 52 20 812 883 90 3
23 28 55 10 732 777 90 1
24 25 50 10 65 144 90 4
25 25 52 40 169 224 90 2
26 25 55 10 622 701 90 1
27 23 52 10 261 316 90 1
28 23 55 20 546 593 90 2
29 20 50 10 358 405 90 4
30 20 55 10 449 504 90 3
31 10 35 20 200 237 90 1
32 10 40 30 31 100 90 3
33 8 40 40 87 158 90 3
34 8 45 20 751 816 90 2
35 5 35 10 283 344 90 2
36 5 45 10 665 716 90 3
37 2 40 20 383 434 90 2
38 0 40 30 479 522 90 3
39 0 45 20 567 624 90 4
40 35 30 10 264 321 90 2
41 35 32 10 166 235 90 4
42 33 32 20 68 149 90 3
43 33 35 10 16 80 90 4
44 32 30 10 359 412 90 4
45 30 30 10 541 600 90 4
46 30 32 30 448 509 90 4
47 30 35 10 1054 1127 90 3
48 28 30 10 632 693 90 2
49 28 35 10 1001 1066 90 3
50 26 32 10 815 880 90 1
51 25 30 10 725 786 90 2
52 25 35 10 912 969 90 2
53 44 5 20 286 347 90 4
54 42 10 40 186 257 90 3
55 42 15 10 95 158 90 3
56 40 5 30 385 436 90 3
57 40 15 40 35 87 90 1
58 38 5 30 471 534 90 4
59 38 15 10 651 740 90 2
60 35 5 20 562 629 90 3
61 50 30 10 531 610 90 1
62 50 35 20 262 317 90 4
63 50 40 50 171 218 90 3
64 48 30 10 632 693 90 3
65 48 40 10 76 129 90 4
66 47 35 10 826 875 90 4
67 47 40 10 12 77 90 3
68 45 30 10 734 777 90 2
69 45 35 10 916 969 90 4
70 95 30 30 387 456 90 2
71 95 35 20 293 360 90 2
72 53 30 10 450 505 90 1
73 92 30 10 478 551 90 4
74 53 35 50 353 412 90 1
75 45 65 20 997 1068 90 2
76 90 35 10 203 260 90 4
77 88 30 10 574 643 90 3
78 88 35 20 109 170 90 1
79 87 30 10 668 731 90 2
80 85 25 10 769 820 90 1
81 85 35 30 47 124 90 2
82 75 55 20 369 420 90 3
83 72 55 10 265 338 90 2
84 70 58 20 458 523 90 3
85 68 60 30 555 612 90 1
86 66 55 10 173 238 90 2
87 65 55 20 85 144 90 3
88 65 60 30 645 708 90 4
89 63 58 10 737 802 90 1
90 60 55 10 20 84 90 1
91 60 60 10 836 889 90 4
92 67 85 20 368 441 90 1
93 65 85 40 475 518 90 4
94 65 82 10 285 336 90 4
95 62 80 30 196 239 90 4
96 60 80 10 95 156 90 1
97 60 85 30 561 622 90 1
98 58 75 20 30 84 90 2
99 55 80 10 743 820 90 3
100 55 85 20 647 726 90 4

Type and quantity of goods for each node:
1 120 1 99 1 73 1 20
2 97 1 67 1 62 1 30
3 81 0 33 1 28 1 10
3 120 1 99 1 73 1 20
3 111 0 70 1 48 1 10
4 85 0 84 0 30 1 10
4 71 0 32 1 25 1 20
4 36 1 34 1 25 1 20
4 97 1 67 1 62 1 10
5 92 1 81 1 55 1 30
5 81 0 33 1 28 1 10
6 95 0 66 0 31 1 20
6 33 1 25 1 23 1 10
7 98 0 72 1 46 1 40
7 95 0 66 0 31 1 20
8 108 0 76 0 30 1 10
8 110 0 43 1 25 1 10
8 92 1 81 1 55 1 20
8 104 0 78 0 34 1 10
8 83 1 77 1 46 1 10
9 85 0 84 0 30 1 30
9 97 1 67 1 62 1 30
10 110 0 43 1 25 1 30
10 81 0 33 1 28 1 20
11 85 0 84 0 30 1 40
11 71 0 32 1 25 1 25
11 36 1 34 1 25 1 10
11 97 1 67 1 62 1 10
11 33 1 25 1 23 1 10
12 92 1 81 1 55 1 30
12 81 0 33 1 28 1 25
12 104 1 74 1 65 1 10
12 52 1 41 1 36 1 50
13 92 1 81 1 55 1 40
13 52 1 41 1 36 1 20
14 95 0 66 0 31 1 50
15 71 0 32 1 25 1 25
15 97 1 67 1 62 1 10
16 81 0 33 1 28 1 20
16 120 1 99 1 73 1 10
16 41 1 39 1 38 1 50
16 104 1 74 1 65 1 10
16 52 1 41 1 36 1 30
17 110 0 43 1 25 1 10
17 104 0 78 0 34 1 10
18 85 0 84 0 30 1 35
18 71 0 32 1 25 1 50
19 104 0 78 0 34 1 10
19 83 1 77 1 46 1 20
20 36 1 34 1 25 1 10
20 97 1 67 1 62 1 20
20 33 1 25 1 23 1 25
20 95 0 27 1 26 1 25
20 94 0 81 1 44 1 20
21 71 0 32 1 25 1 40
22 120 1 99 1 73 1 10
22 41 1 39 1 38 1 35
23 33 1 25 1 23 1 60
24 81 0 33 1 28 1 35
24 104 1 74 1 65 1 10
25 95 0 66 0 31 1 25
25 33 1 25 1 23 1 25
26 108 0 76 0 30 1 10
26 110 0 43 1 25 1 10
26 92 1 81 1 55 1 30
26 81 0 33 1 28 1 10
26 120 1 99 1 73 1 10
27 81 0 33 1 28 1 50
27 104 1 74 1 65 1 10
28 52 1 41 1 36 1 60
29 120 1 99 1 73 1 15
29 111 0 70 1 48 1 10
29 98 0 72 1 46 1 25
29 95 0 66 0 31 1 20
30 71 0 32 1 25 1 30
30 36 1 34 1 25 1 30
31 111 0 70 1 48 1 10
31 94 0 81 1 44 1 15
32 94 0 81 1 44 1 20
32 41 1 39 1 38 1 40
32 104 1 74 1 65 1 20
33 41 1 39 1 38 1 70
34 71 0 32 1 25 1 20
34 36 1 34 1 25 1 30
34 97 1 67 1 62 1 15
35 98 0 72 1 46 1 15
35 95 0 27 1 26 1 15
36 52 1 41 1 36 1 50
36 83 1 77 1 46 1 10
37 104 1 74 1 65 1 15
37 52 1 41 1 36 1 25
38 98 0 72 1 46 1 30
38 95 0 66 0 31 1 30
38 33 1 25 1 23 1 30
38 95 0 27 1 26 1 10
39 120 1 99 1 73 1 10
39 111 0 70 1 48 1 10
39 98 0 72 1 46 1 10
40 104 1 74 1 65 1 25
40 104 0 78 0 34 1 10
41 97 1 67 1 62 1 25
41 33 1 25 1 23 1 20
41 95 0 27 1 26 1 50
41 94 0 81 1 44 1 10
41 41 1 39 1 38 1 10
42 85 0 84 0 30 1 10
42 71 0 32 1 25 1 20
42 36 1 34 1 25 1 40
43 110 0 43 1 25 1 20
43 104 0 78 0 34 1 60
44 85 0 84 0 30 1 20
44 36 1 34 1 25 1 60
45 108 0 76 0 30 1 20
45 83 1 77 1 46 1 30
46 95 0 27 1 26 1 25
47 36 1 34 1 25 1 50
47 97 1 67 1 62 1 30
47 33 1 25 1 23 1 60
48 108 0 76 0 30 1 15
48 110 0 43 1 25 1 15
48 92 1 81 1 55 1 30
49 36 1 34 1 25 1 60
49 97 1 67 1 62 1 30
50 92 1 81 1 55 1 10
50 81 0 33 1 28 1 10
50 120 1 99 1 73 1 25
51 108 0 76 0 30 1 20
52 94 0 81 1 44 1 50
52 41 1 39 1 38 1 10
53 104 1 74 1 65 1 10
53 52 1 41 1 36 1 10
53 104 0 78 0 34 1 20
53 83 1 77 1 46 1 40
54 33 1 25 1 23 1 60
54 95 0 27 1 26 1 60
55 83 1 77 1 46 1 20
56 92 1 81 1 55 1 50
56 52 1 41 1 36 1 50
57 98 0 72 1 46 1 30
57 95 0 66 0 31 1 30
57 85 0 84 0 30 1 50
58 41 1 39 1 38 1 10
58 104 1 74 1 65 1 20
58 52 1 41 1 36 1 20
58 104 0 78 0 34 1 30
58 83 1 77 1 46 1 30
59 41 1 39 1 38 1 60
59 104 1 74 1 65 1 20
59 52 1 41 1 36 1 40
60 104 0 78 0 34 1 25
60 83 1 77 1 46 1 20
60 94 0 81 1 44 1 40
61 108 0 76 0 30 1 10
61 110 0 43 1 25 1 10
61 92 1 81 1 55 1 10
61 81 0 33 1 28 1 20
62 108 0 76 0 30 1 20
62 110 0 43 1 25 1 40
62 104 0 78 0 34 1 15
62 83 1 77 1 46 1 20
63 33 1 25 1 23 1 60
63 95 0 27 1 26 1 10
63 94 0 81 1 44 1 15
64 104 0 78 0 34 1 15
65 111 0 70 1 48 1 25
65 95 0 66 0 31 1 10
66 85 0 84 0 30 1 25
66 97 1 67 1 62 1 25
67 98 0 72 1 46 1 30
67 95 0 66 0 31 1 30
67 85 0 84 0 30 1 30
68 33 1 25 1 23 1 60
69 95 0 27 1 26 1 25
69 94 0 81 1 44 1 20
69 41 1 39 1 38 1 60
70 120 1 99 1 73 1 10
70 98 0 72 1 46 1 10
71 36 1 34 1 25 1 50
72 120 1 99 1 73 1 15
72 41 1 39 1 38 1 70
73 108 0 76 0 30 1 10
73 110 0 43 1 25 1 20
74 92 1 81 1 55 1 25
75 111 0 70 1 48 1 20
75 94 0 81 1 44 1 10
76 95 0 66 0 31 1 15
76 85 0 84 0 30 1 15
76 71 0 32 1 25 1 50
77 104 1 74 1 65 1 10
77 52 1 41 1 36 1 15
77 104 0 78 0 34 1 25
78 104 0 78 0 34 1 30
78 83 1 77 1 46 1 30
78 92 1 81 1 55 1 30
79 95 0 27 1 26 1 10
79 41 1 39 1 38 1 65
80 110 0 43 1 25 1 20
80 92 1 81 1 55 1 20
80 81 0 33 1 28 1 50
81 33 1 25 1 23 1 30
81 95 0 27 1 26 1 10
81 94 0 81 1 44 1 10
81 41 1 39 1 38 1 50
82 120 1 99 1 73 1 15
82 111 0 70 1 48 1 20
83 98 0 72 1 46 1 60
83 95 0 27 1 26 1 20
84 111 0 70 1 48 1 20
84 98 0 72 1 46 1 10
84 95 0 66 0 31 1 20
84 85 0 84 0 30 1 10
84 71 0 32 1 25 1 30
85 81 0 33 1 28 1 40
86 120 1 99 1 73 1 15
86 111 0 70 1 48 1 10
86 94 0 81 1 44 1 30
86 41 1 39 1 38 1 60
87 52 1 41 1 36 1 20
87 104 0 78 0 34 1 30
87 83 1 77 1 46 1 10
88 98 0 72 1 46 1 35
89 108 0 76 0 30 1 10
89 92 1 81 1 55 1 20
90 85 0 84 0 30 1 40
91 85 0 84 0 30 1 20
91 71 0 32 1 25 1 60
91 36 1 34 1 25 1 20
91 97 1 67 1 62 1 30
92 71 0 32 1 25 1 20
92 36 1 34 1 25 1 50
93 111 0 70 1 48 1 15
93 98 0 72 1 46 1 50
93 95 0 66 0 31 1 10
93 95 0 27 1 26 1 15
93 94 0 81 1 44 1 25
94 81 0 33 1 28 1 30
94 120 1 99 1 73 1 20
94 111 0 70 1 48 1 15
94 98 0 72 1 46 1 25
94 95 0 66 0 31 1 20
95 108 0 76 0 30 1 20
95 83 1 77 1 46 1 10
96 94 0 81 1 44 1 50
97 111 0 70 1 48 1 20
98 33 1 25 1 23 1 40
98 94 0 81 1 44 1 20
99 111 0 70 1 48 1 20
99 98 0 72 1 46 1 30
99 95 0 66 0 31 1 30
100 97 1 67 1 62 1 40
100 33 1 25 1 23 1 30
100 95 0 27 1 26 1 15





