R101-2PD
vehicle capacity: 200
vehicle size: 1360 245 300
shipping container size: 587 233 220
 CUSTNO  XCOORD YCOORD DEMAND READYTIME DUETIME SERVICETIME Port of Destination
0 35 35 0 0 230 0 0
1 41 49 10 10 171 10 2
2 35 17 7 50 60 10 2
3 55 45 13 116 126 10 2
4 55 20 19 149 159 10 1
5 15 30 26 34 44 10 1
6 25 30 3 99 109 10 2
7 20 50 5 81 91 10 1
8 10 43 9 95 105 10 1
9 55 60 16 97 107 10 2
10 30 60 16 124 134 10 1
11 20 65 12 67 77 10 2
12 50 35 19 63 73 10 1
13 30 25 23 159 169 10 2
14 15 10 20 32 42 10 2
15 30 5 8 61 71 10 1
16 10 20 19 75 85 10 1
17 5 30 2 157 167 10 1
18 20 40 12 87 97 10 1
19 15 60 17 76 86 10 1
20 45 65 9 126 136 10 2
21 45 20 11 62 72 10 2
22 45 10 18 97 107 10 2
23 55 5 29 68 78 10 1
24 65 35 3 153 163 10 2
25 65 20 6 172 182 10 2
26 45 30 17 132 142 10 1
27 35 40 16 37 47 10 2
28 41 37 16 39 49 10 1
29 64 42 9 63 73 10 2
30 40 60 21 71 81 10 2
31 31 52 27 50 60 10 2
32 35 69 23 141 151 10 1
33 53 52 11 37 47 10 2
34 65 55 14 117 127 10 2
35 63 65 8 143 153 10 1
36 2 60 5 41 51 10 2
37 20 20 8 134 144 10 1
38 5 5 16 83 93 10 1
39 60 12 31 44 54 10 2
40 40 25 9 85 95 10 2
41 42 7 5 97 107 10 1
42 24 12 5 31 41 10 2
43 23 3 7 132 142 10 1
44 11 14 18 69 79 10 1
45 6 38 16 32 42 10 2
46 2 48 1 117 127 10 2
47 8 56 27 51 61 10 1
48 13 52 36 165 175 10 2
49 6 68 30 108 118 10 1
50 47 47 13 124 134 10 1
51 49 58 10 88 98 10 2
52 27 43 9 52 62 10 2
53 37 31 14 95 105 10 1
54 57 29 18 140 150 10 1
55 63 23 2 136 146 10 2
56 53 12 6 130 140 10 2
57 32 12 7 101 111 10 1
58 36 26 18 200 210 10 1
59 21 24 28 18 28 10 1
60 17 34 3 162 172 10 2
61 12 24 13 76 86 10 2
62 24 58 19 58 68 10 2
63 27 69 10 34 44 10 2
64 15 77 9 73 83 10 2
65 62 77 20 51 61 10 1
66 49 73 25 127 137 10 2
67 67 5 25 83 93 10 1
68 56 39 36 142 152 10 2
69 37 47 6 50 60 10 1
70 37 56 5 182 192 10 1
71 57 68 15 77 87 10 1
72 47 16 25 35 45 10 1
73 44 17 9 78 88 10 2
74 46 13 8 149 159 10 2
75 49 11 18 69 79 10 2
76 49 42 13 73 83 10 1
77 53 43 14 179 189 10 1
78 61 52 3 96 106 10 2
79 57 48 23 92 102 10 2
80 56 37 6 182 192 10 1
81 55 54 26 94 104 10 1
82 15 47 16 55 65 10 1
83 14 37 11 44 54 10 1
84 11 31 7 101 111 10 1
85 16 22 41 91 101 10 2
86 4 18 35 94 104 10 2
87 28 18 26 93 103 10 1
88 26 52 9 74 84 10 1
89 26 35 15 176 186 10 2
90 31 67 3 95 105 10 1
91 15 19 1 160 170 10 1
92 22 22 2 18 28 10 2
93 18 24 22 188 198 10 2
94 26 27 27 100 110 10 2
95 25 24 20 39 49 10 1
96 22 27 11 135 145 10 1
97 25 21 12 133 143 10 1
98 19 21 10 58 68 10 2
99 20 26 9 83 93 10 2
100 18 18 17 185 195 10 1



Type and quantity of goods for each node:
1 120 1 99 1 73 1 20
2 97 1 67 1 62 1 30
3 81 0 33 1 28 1 10
3 120 1 99 1 73 1 20
3 111 0 70 1 48 1 10
4 85 0 84 0 30 1 10
4 71 0 32 1 25 1 20
4 36 1 34 1 25 1 20
4 97 1 67 1 62 1 10
5 92 1 81 1 55 1 30
5 81 0 33 1 28 1 10
6 95 0 66 0 31 1 20
6 33 1 25 1 23 1 10
7 98 0 72 1 46 1 40
7 95 0 66 0 31 1 20
8 108 0 76 0 30 1 10
8 110 0 43 1 25 1 10
8 92 1 81 1 55 1 20
8 104 0 78 0 34 1 10
8 83 1 77 1 46 1 10
9 85 0 84 0 30 1 30
9 97 1 67 1 62 1 30
10 110 0 43 1 25 1 30
10 81 0 33 1 28 1 20
11 85 0 84 0 30 1 40
11 71 0 32 1 25 1 25
11 36 1 34 1 25 1 10
11 97 1 67 1 62 1 10
11 33 1 25 1 23 1 10
12 92 1 81 1 55 1 30
12 81 0 33 1 28 1 25
12 104 1 74 1 65 1 10
12 52 1 41 1 36 1 50
13 92 1 81 1 55 1 40
13 52 1 41 1 36 1 20
14 95 0 66 0 31 1 50
15 71 0 32 1 25 1 25
15 97 1 67 1 62 1 10
16 81 0 33 1 28 1 20
16 120 1 99 1 73 1 10
16 41 1 39 1 38 1 50
16 104 1 74 1 65 1 10
16 52 1 41 1 36 1 30
17 110 0 43 1 25 1 10
17 104 0 78 0 34 1 10
18 85 0 84 0 30 1 35
18 71 0 32 1 25 1 50
19 104 0 78 0 34 1 10
19 83 1 77 1 46 1 20
20 36 1 34 1 25 1 10
20 97 1 67 1 62 1 20
20 33 1 25 1 23 1 25
20 95 0 27 1 26 1 25
20 94 0 81 1 44 1 20
21 71 0 32 1 25 1 40
22 120 1 99 1 73 1 10
22 41 1 39 1 38 1 35
23 33 1 25 1 23 1 60
24 81 0 33 1 28 1 35
24 104 1 74 1 65 1 10
25 95 0 66 0 31 1 25
25 33 1 25 1 23 1 25
26 108 0 76 0 30 1 10
26 110 0 43 1 25 1 10
26 92 1 81 1 55 1 30
26 81 0 33 1 28 1 10
26 120 1 99 1 73 1 10
27 81 0 33 1 28 1 50
27 104 1 74 1 65 1 10
28 52 1 41 1 36 1 60
29 120 1 99 1 73 1 15
29 111 0 70 1 48 1 10
29 98 0 72 1 46 1 25
29 95 0 66 0 31 1 20
30 71 0 32 1 25 1 30
30 36 1 34 1 25 1 30
31 111 0 70 1 48 1 10
31 94 0 81 1 44 1 15
32 94 0 81 1 44 1 20
32 41 1 39 1 38 1 40
32 104 1 74 1 65 1 20
33 41 1 39 1 38 1 70
34 71 0 32 1 25 1 20
34 36 1 34 1 25 1 30
34 97 1 67 1 62 1 15
35 98 0 72 1 46 1 15
35 95 0 27 1 26 1 15
36 52 1 41 1 36 1 50
36 83 1 77 1 46 1 10
37 104 1 74 1 65 1 15
37 52 1 41 1 36 1 25
38 98 0 72 1 46 1 30
38 95 0 66 0 31 1 30
38 33 1 25 1 23 1 30
38 95 0 27 1 26 1 10
39 120 1 99 1 73 1 10
39 111 0 70 1 48 1 10
39 98 0 72 1 46 1 10
40 104 1 74 1 65 1 25
40 104 0 78 0 34 1 10
41 97 1 67 1 62 1 25
41 33 1 25 1 23 1 20
41 95 0 27 1 26 1 50
41 94 0 81 1 44 1 10
41 41 1 39 1 38 1 10
42 85 0 84 0 30 1 10
42 71 0 32 1 25 1 20
42 36 1 34 1 25 1 40
43 110 0 43 1 25 1 20
43 104 0 78 0 34 1 60
44 85 0 84 0 30 1 20
44 36 1 34 1 25 1 60
45 108 0 76 0 30 1 20
45 83 1 77 1 46 1 30
46 95 0 27 1 26 1 25
47 36 1 34 1 25 1 50
47 97 1 67 1 62 1 30
47 33 1 25 1 23 1 60
48 108 0 76 0 30 1 15
48 110 0 43 1 25 1 15
48 92 1 81 1 55 1 30
49 36 1 34 1 25 1 60
49 97 1 67 1 62 1 30
50 92 1 81 1 55 1 10
50 81 0 33 1 28 1 10
50 120 1 99 1 73 1 25
51 108 0 76 0 30 1 20
52 94 0 81 1 44 1 50
52 41 1 39 1 38 1 10
53 104 1 74 1 65 1 10
53 52 1 41 1 36 1 10
53 104 0 78 0 34 1 20
53 83 1 77 1 46 1 40
54 33 1 25 1 23 1 60
54 95 0 27 1 26 1 60
55 83 1 77 1 46 1 20
56 92 1 81 1 55 1 50
56 52 1 41 1 36 1 50
57 98 0 72 1 46 1 30
57 95 0 66 0 31 1 30
57 85 0 84 0 30 1 50
58 41 1 39 1 38 1 10
58 104 1 74 1 65 1 20
58 52 1 41 1 36 1 20
58 104 0 78 0 34 1 30
58 83 1 77 1 46 1 30
59 41 1 39 1 38 1 60
59 104 1 74 1 65 1 20
59 52 1 41 1 36 1 40
60 104 0 78 0 34 1 25
60 83 1 77 1 46 1 20
60 94 0 81 1 44 1 40
61 108 0 76 0 30 1 10
61 110 0 43 1 25 1 10
61 92 1 81 1 55 1 10
61 81 0 33 1 28 1 20
62 108 0 76 0 30 1 20
62 110 0 43 1 25 1 40
62 104 0 78 0 34 1 15
62 83 1 77 1 46 1 20
63 33 1 25 1 23 1 60
63 95 0 27 1 26 1 10
63 94 0 81 1 44 1 15
64 104 0 78 0 34 1 15
65 111 0 70 1 48 1 25
65 95 0 66 0 31 1 10
66 85 0 84 0 30 1 25
66 97 1 67 1 62 1 25
67 98 0 72 1 46 1 30
67 95 0 66 0 31 1 30
67 85 0 84 0 30 1 30
68 33 1 25 1 23 1 60
69 95 0 27 1 26 1 25
69 94 0 81 1 44 1 20
69 41 1 39 1 38 1 60
70 120 1 99 1 73 1 10
70 98 0 72 1 46 1 10
71 36 1 34 1 25 1 50
72 120 1 99 1 73 1 15
72 41 1 39 1 38 1 70
73 108 0 76 0 30 1 10
73 110 0 43 1 25 1 20
74 92 1 81 1 55 1 25
75 111 0 70 1 48 1 20
75 94 0 81 1 44 1 10
76 95 0 66 0 31 1 15
76 85 0 84 0 30 1 15
76 71 0 32 1 25 1 50
77 104 1 74 1 65 1 10
77 52 1 41 1 36 1 15
77 104 0 78 0 34 1 25
78 104 0 78 0 34 1 30
78 83 1 77 1 46 1 30
78 92 1 81 1 55 1 30
79 95 0 27 1 26 1 10
79 41 1 39 1 38 1 65
80 110 0 43 1 25 1 20
80 92 1 81 1 55 1 20
80 81 0 33 1 28 1 50
81 33 1 25 1 23 1 30
81 95 0 27 1 26 1 10
81 94 0 81 1 44 1 10
81 41 1 39 1 38 1 50
82 120 1 99 1 73 1 15
82 111 0 70 1 48 1 20
83 98 0 72 1 46 1 60
83 95 0 27 1 26 1 20
84 111 0 70 1 48 1 20
84 98 0 72 1 46 1 10
84 95 0 66 0 31 1 20
84 85 0 84 0 30 1 10
84 71 0 32 1 25 1 30
85 81 0 33 1 28 1 40
86 120 1 99 1 73 1 15
86 111 0 70 1 48 1 10
86 94 0 81 1 44 1 30
86 41 1 39 1 38 1 60
87 52 1 41 1 36 1 20
87 104 0 78 0 34 1 30
87 83 1 77 1 46 1 10
88 98 0 72 1 46 1 35
89 108 0 76 0 30 1 10
89 92 1 81 1 55 1 20
90 85 0 84 0 30 1 40
91 85 0 84 0 30 1 20
91 71 0 32 1 25 1 60
91 36 1 34 1 25 1 20
91 97 1 67 1 62 1 30
92 71 0 32 1 25 1 20
92 36 1 34 1 25 1 50
93 111 0 70 1 48 1 15
93 98 0 72 1 46 1 50
93 95 0 66 0 31 1 10
93 95 0 27 1 26 1 15
93 94 0 81 1 44 1 25
94 81 0 33 1 28 1 30
94 120 1 99 1 73 1 20
94 111 0 70 1 48 1 15
94 98 0 72 1 46 1 25
94 95 0 66 0 31 1 20
95 108 0 76 0 30 1 20
95 83 1 77 1 46 1 10
96 94 0 81 1 44 1 50
97 111 0 70 1 48 1 20
98 33 1 25 1 23 1 40
98 94 0 81 1 44 1 20
99 111 0 70 1 48 1 20
99 98 0 72 1 46 1 30
99 95 0 66 0 31 1 30
100 97 1 67 1 62 1 40
100 33 1 25 1 23 1 30
100 95 0 27 1 26 1 15




